64
Time=0.00000000 pbc="T T T" Lattice="10.04269165 -0.00000157 -0.00002146 -0.00000086 6.66100276 -0.00001260 0.00001945 -0.00002049 8.90692691" energy=-550.11795264 virial="0.02532326 0.00005197 -0.00002161 0.00005197 -0.04907707 0.00010119 -0.00002161 0.00010119 0.01476576" stress="0.00305367 -0.00009689 0.00007259 -0.00009689 0.00278914 0.00014373 0.00007259 0.00014373 0.00247274" Properties=species:S:1:pos:R:3
C 4.42388231 1.70640446 1.96797944
C 8.15143051 5.03690911 4.19469553
C 6.93455049 1.70639587 0.31114322
C 5.64076495 5.03689059 6.99133396
C 4.42389219 1.70639428 6.42144151
C 8.15144055 5.03689863 8.64815876
C 6.93456055 1.70638545 4.76460680
C 5.64075499 5.03690109 2.53787164
C 9.44522721 1.70640386 1.96796861
C 3.13008684 5.03690981 4.19470670
C 1.91320662 1.70639656 0.31115453
C 0.61941978 5.03689141 6.99134476
C 9.44523728 1.70639346 6.42143072
C 3.13009670 5.03689939 8.64817020
C 1.91321639 1.70638619 4.76461794
C 0.61940985 5.03690176 2.53788234
Fe 0.90454308 0.48989227 1.51490444
Fe 1.62807418 6.25341645 3.74162395
Fe 3.41521351 2.92291202 0.76423533
Fe 9.16010125 3.82038063 7.44441489
Fe 9.16010402 6.25340273 7.44440887
Fe 3.41521883 0.48988975 0.76423743
Fe 1.62807980 3.82039479 3.74162563
Fe 0.90454608 2.92291463 1.51489832
Fe 0.90455277 0.48988176 5.96836734
Fe 1.62808399 6.25340612 8.19508694
Fe 3.41522309 2.92290146 5.21769848
Fe 9.16009153 3.82039071 2.99095190
Fe 9.16009437 6.25341323 2.99094599
Fe 3.41522865 0.48987928 5.21770019
Fe 1.62808947 3.82038423 8.19508871
Fe 0.90455570 2.92290414 5.96836117
Fe 5.92588805 0.48989182 1.51489348
Fe 6.64941845 6.25341581 3.74161310
Fe 8.43655758 2.92291089 0.76422452
Fe 4.13875619 3.82038164 7.44442600
Fe 4.13875892 6.25340340 7.44441993
Fe 8.43656318 0.48988909 0.76422644
Fe 6.64942404 3.82039362 3.74161493
Fe 5.92589096 2.92291370 1.51488739
Fe 5.92589796 0.48988108 5.96835653
Fe 6.64942813 6.25340543 8.19507593
Fe 8.43656722 2.92290040 5.21768747
Fe 4.13874630 3.82039156 2.99096296
Fe 4.13874919 6.25341394 2.99095677
Fe 8.43657293 0.48987876 5.21768929
Fe 6.64943358 3.82038343 8.19507801
Fe 5.92590084 2.92290342 5.96835029
Fe 0.19447637 1.70640440 3.77075922
Fe 2.33815556 5.03689627 5.99747943
Fe 2.70515711 1.70638920 7.41530792
Fe 9.87017086 5.03689068 5.18855402
Fe 0.19448620 1.70639393 8.22422173
Fe 2.33814579 5.03690676 1.54401647
Fe 2.70514704 1.70639952 2.96184492
Fe 9.87016088 5.03690119 0.73509159
Fe 5.21582082 1.70640347 3.77074879
Fe 7.35950032 5.03689556 5.99746874
Fe 7.72650124 1.70638840 7.41529688
Fe 4.84882641 5.03689166 5.18856475
Fe 5.21583058 1.70639329 8.22421127
Fe 7.35949001 5.03690603 1.54400519
Fe 7.72649143 1.70639874 2.96183385
Fe 4.84881642 5.03690201 0.73510200
