# Tetrahedron method
       -2.3036254860        0.0000000000
       -2.1561796360        0.0000000000
       -2.0087337860        0.0000000000
       -1.8612879361        0.0000000000
       -1.7138420861        0.0000000000
       -1.5663962362        0.0000000000
       -1.4189503862        0.0000000000
       -1.2715045363        0.0000000000
       -1.1240586863        0.0000000000
       -0.9766128364        0.0000000000
       -0.8291669864        0.0000000000
       -0.6817211364        0.0000000000
       -0.5342752865        0.0000000000
       -0.3868294365        0.0000000000
       -0.2393835866        0.0000000000
       -0.0919377366        0.0000000000
        0.0555081133        0.0000000000
        0.2029539633        0.0075025378
        0.3503998133        0.0331910422
        0.4978456632        0.0698202949
        0.6452915132        0.1151522486
        0.7927373631        0.1738570871
        0.9401832131        0.2456891298
        1.0876290630        0.3308286159
        1.2350749130        0.4302314562
        1.3825207629        0.5478476783
        1.5299666129        0.6791533675
        1.6774124629        0.8341222260
        1.8248583128        1.0106631355
        1.9723041628        1.2074112769
        2.1197500127        1.5267487494
        2.2671958627        1.6307629915
        2.4146417126        2.0352090670
        2.5620875626        2.3262857382
        2.7095334126        2.5501891049
        2.8569792625        2.9542654525
        3.0044251125        3.3619877146
        3.1518709624        3.7827840255
        3.2993168124        3.6953736468
        3.4467626623        4.8261071934
        3.5942085123        6.2502967925
        3.7416543622        7.6303794703
        3.8891002122        8.9083796383
        4.0365460622       10.8929967048
        4.1839919121        9.5426277293
        4.3314377621        9.5676349530
        4.4788836120       10.1961862705
        4.6263294620       12.8547393486
        4.7737753119       13.2122448126
        4.9212211619       14.4214202381
        5.0686670119       16.7581256336
        5.2161128618       16.5684377645
        5.3635587118       21.2823284401
        5.5110045617       18.4456829018
        5.6584504117       15.8693043151
        5.8058962616       18.9039181038
        5.9533421116       17.4903678629
        6.1007879615       23.1688252101
        6.2482338115       18.5005486648
        6.3956796615       19.4981414313
        6.5431255114       22.1156067794
        6.6905713614       18.4836474590
        6.8380172113       18.8042533149
        6.9854630613       17.7103009780
        7.1329089112       18.5983847661
        7.2803547612       17.8941624987
        7.4278006112       12.5244865744
        7.5752464611       13.9470528111
        7.7226923111       17.3965969386
        7.8701381610       19.2780248774
        8.0175840110       27.7244647128
        8.1650298609       20.6966489377
        8.3124757109       18.5586237055
        8.4599215609       22.5148870750
        8.6073674108        7.0731245522
        8.7548132608       18.4798418221
        8.9022591107       22.8909416934
        9.0497049607        0.3092564538
        9.1971508106        3.0365862737
        9.3445966606        2.6487317198
        9.4920425105        3.1401010917
        9.6394883605        3.3158243823
        9.7869342105        0.0000000000
        9.9343800604        0.0000000000
       10.0818259104        0.0000000000
       10.2292717603        0.0000000000
       10.3767176103        0.0000000000
       10.5241634602        0.0000000000
       10.6716093102        1.0766277130
       10.8190551602        2.6886077816
       10.9665010101        2.5217179097
       11.1139468601        3.3010348601
       11.2613927100        3.2873386823
       11.4088385600        3.4539143849
       11.5562844099        0.9663826972
       11.7037302599        1.0251621118
       11.8511761098        0.8929130473
       11.9986219598        0.5746305015
       12.1460678098        0.0000000000
       12.2935136597        0.0000000000
       12.4409595097        0.0000000000
       12.5884053596        0.0000000000
       12.7358512096        0.0000000000
       12.8832970595        0.0000000000
       13.0307429095        0.0000000000
       13.1781887595        0.0000000000
       13.3256346094        0.0000000000
       13.4730804594        0.0000000000
       13.6205263093        0.0000000000
       13.7679721593        0.0000000000
       13.9154180092        0.0000000000
       14.0628638592        0.0000000000
       14.2103097091        0.0000000000
       14.3577555591        0.0000000000
       14.5052014091        0.0000000000
       14.6526472590        0.0000000000
       14.8000931090        0.0000000000
       14.9475389589        0.0000000000
       15.0949848089        0.0000000000
       15.2424306588        0.0000000000
       15.3898765088        0.0000000000
       15.5373223588        1.5872002168
       15.6847682087       15.2935983708
       15.8322140587        7.7829094906
       15.9796599086        9.2503222801
       16.1271057586        0.0000000000
       16.2745516085       14.9757764437
       16.4219974585        0.0000000000
       16.5694433084        0.0000000000
       16.7168891584        0.0000000000
       16.8643350084        0.0000000000
       17.0117808583        0.0000000000
       17.1592267083        0.0000000000
       17.3066725582        0.0000000000
       17.4541184082        0.0000000000
       17.6015642581        0.0000000000
       17.7490101081        0.0000000000
       17.8964559581        0.0000000000
       18.0439018080        0.0000000000
       18.1913476580        0.0000000000
       18.3387935079        0.0000000000
       18.4862393579        0.0000000000
       18.6336852078        0.0000000000
       18.7811310578        0.0000000000
       18.9285769077        0.0000000000
       19.0760227577        0.0000000000
       19.2234686077        0.0000000000
       19.3709144576        0.0000000000
       19.5183603076        0.0000000000
       19.6658061575        0.0000000000
       19.8132520075        0.0000000000
       19.9606978574        0.0000000000
       20.1081437074        0.0000000000
       20.2555895574        0.0000000000
       20.4030354073        0.0000000000
       20.5504812573        0.0000000000
       20.6979271072        0.0000000000
       20.8453729572        0.0000000000
       20.9928188071        0.0000000000
       21.1402646571        0.0000000000
       21.2877105071        0.0000000000
       21.4351563570        0.0000000000
       21.5826022070        0.0000000000
       21.7300480569        0.0000000000
       21.8774939069        0.0000000000
       22.0249397568        0.0000000000
       22.1723856068        0.0000000000
       22.3198314567        0.0000000000
       22.4672773067        0.0000000000
       22.6147231567        0.0000000000
       22.7621690066        0.0000000000
       22.9096148566        0.0000000000
       23.0570607065        0.0000000000
       23.2045065565        0.0000000000
       23.3519524064        0.0000000000
       23.4993982564        0.0000000000
       23.6468441064        0.0000000000
       23.7942899563        0.0000000000
       23.9417358063        5.6678886200
       24.0891816562        0.0000000000
       24.2366275062        0.0000000000
       24.3840733561        0.0000000000
       24.5315192061        2.2468383329
       24.6789650560        9.0576499382
       24.8264109060        0.0000000000
       24.9738567560        0.0000000000
       25.1213026059        0.0000000000
       25.2687484559        0.0000000000
       25.4161943058        0.0000000000
       25.5636401558        0.0000000000
       25.7110860057        0.0000000000
       25.8585318557        0.0000000000
       26.0059777057        0.0000000000
       26.1534235556        0.0000000000
       26.3008694056        0.0000000000
       26.4483152555        0.0000000000
       26.5957611055        0.0000000000
       26.7432069554        0.0000000000
       26.8906528054        0.0000000000
       27.0380986553        0.0000000000
       27.1855445053        0.0000000000
